0 3.771236 0.000000 0.000000 0.000000 -0.002131 0.024641  0.000000
1 3.712311 0.000000 0.000000 0.000000 -0.002171 0.024685  0.000000
2 3.653385 0.000000 0.000000 0.000000 -0.002291 0.024817  0.000000
3 3.594459 0.000000 0.000000 0.000000 -0.002491 0.025039  0.000000
4 3.535534 0.000000 0.000000 0.000000 -0.002771 0.025352  0.000000
5 3.476608 0.000000 0.000000 0.000000 -0.003134 0.025760  0.000000
6 3.417683 0.000000 0.000000 0.000000 -0.003579 0.026267  0.000000
7 3.358757 0.000000 0.000000 0.000000 -0.004108 0.026877  0.000000
8 3.299832 0.000000 0.000000 0.000000 -0.004723 0.027597  0.000000
9 3.240906 0.000000 0.000000 0.000000 -0.005426 0.028434  0.000000
10 3.181981 0.000000 0.000000 0.000000 -0.006219 0.029395  0.000000
11 3.123055 0.000000 0.000000 0.000000 -0.007107 0.030492  0.000000
12 3.064129 0.000000 0.000000 0.000000 -0.008093 0.031734  0.000000
13 3.005204 0.000000 0.000000 0.000000 -0.009182 0.033135  0.000000
14 2.946278 0.000000 0.000000 0.000000 -0.010380 0.034710  0.000000
15 2.887353 0.000000 0.000000 0.000000 -0.011694 0.036474  0.000000
16 2.828427 0.000000 0.000000 0.000000 -0.013133 0.038448  0.000000
17 2.769502 0.000000 0.000000 0.000000 -0.014706 0.040654  0.000000
18 2.710576 0.000000 0.000000 0.000000 -0.016426 0.043115  0.000000
19 2.651650 0.000000 0.000000 0.000000 -0.018306 0.045862  0.000000
20 2.592725 0.000000 0.000000 0.000000 -0.020365 0.048928  0.000001
21 2.533799 0.000000 0.000000 0.000000 -0.022622 0.052351  0.000001
22 2.474874 0.000000 0.000000 0.000000 -0.025102 0.056174  0.000001
23 2.415948 0.000000 0.000000 0.000000 -0.027833 0.060450  0.000001
24 2.357023 0.000000 0.000000 0.000000 -0.030851 0.065238  0.000001
25 2.298097 0.000000 0.000000 0.000000 -0.034197 0.070608  0.000001
26 2.239171 0.000000 0.000000 0.000000 -0.037922 0.076642  0.000001
27 2.180246 0.000000 0.000000 0.000000 -0.042087 0.083438  0.000001
28 2.121320 0.000000 0.000000 0.000000 -0.046767 0.091111  0.000001
29 2.062395 0.000000 0.000000 0.000000 -0.052054 0.099797  0.000001
30 2.003469 0.000000 0.000000 0.000000 -0.058060 0.109662  0.000001
31 1.944544 0.000000 0.000000 0.000000 -0.064927 0.120903  0.000001
32 1.885618 0.000000 0.000000 0.000000 -0.072833 0.133761  0.000001
33 1.826693 0.000000 0.000000 0.000000 -0.082002 0.148528  0.000001
34 1.767767 0.000001 0.000000 0.000001 -0.092724 0.165562  0.000001
35 1.708841 0.000001 0.000000 0.000001 -0.105377 0.185305  0.000002
36 1.649916 0.000001 0.000000 0.000001 -0.120466 0.208304  0.000002
37 1.590990 0.000001 0.000000 0.000001 -0.138697 0.235235  0.000001
38 1.532065 -0.000000 -0.000000 -0.000000 -0.161149 0.266938  0.000001
39 1.473139 0.000003 0.000001 0.000003 -0.194614 0.304463  -0.000016
40 1.414214 0.000176 0.000069 0.000176 -0.194611 0.349093  0.000087
41 1.355288 0.000194 0.000076 0.000194 -0.230546 0.401862  0.000046
42 1.296362 0.000500 0.000196 0.000500 -0.383521 0.464392  0.000448
43 1.237437 -0.001537 -0.000604 -0.001537 -0.409256 0.539006  -0.000994
44 1.178511 0.000496 0.000195 0.000496 -0.464138 0.616405  0.000529
45 1.119586 -0.000499 -0.000196 -0.000499 -0.750081 0.687528  -0.000267
46 1.060660 -0.000531 -0.000209 -0.000531 -1.118712 0.677665  -0.000136
47 1.001735 -0.000856 -0.000336 -0.000856 -1.648532 0.476119  -0.000394
48 0.942809 -0.000182 -0.000071 -0.000182 0.162884 -1.857842  0.000151
49 0.883883 -0.001209 -0.000475 -0.001209 0.083276 -1.828086  -0.000519
50 0.824958 -0.001240 -0.000487 -0.001240 0.071039 -1.796803  -0.000393
51 0.766032 -0.001574 -0.000619 -0.001574 0.112576 -1.802044  -0.000705
52 0.707107 -0.000518 -0.000203 -0.000518 0.074740 -1.795708  -0.000206
53 0.648181 0.000886 0.000348 0.000886 -0.025070 -1.801266  0.000530
54 0.589256 0.000513 0.000202 0.000513 -0.025884 -1.803085  0.000337
55 0.530330 -0.001203 -0.000473 -0.001203 0.026016 -1.801029  -0.000893
56 0.471405 0.001231 0.000484 0.001231 0.005413 -1.800806  0.000599
57 0.412479 0.002259 0.000887 0.002259 -0.008472 -1.799875  0.001310
58 0.353553 -0.001193 -0.000468 -0.001193 0.021409 -1.801926  -0.000923
59 0.294628 -0.000180 -0.000071 -0.000180 0.008986 -1.802096  -0.000070
60 0.235702 0.000829 0.000325 0.000829 0.006317 -1.804808  0.000744
61 0.176777 -0.002208 -0.000868 -0.002208 0.003403 -1.808268  -0.001541
62 0.117851 0.001489 0.000585 0.001489 0.001277 -1.811929  0.001276
63 0.058926 -0.001484 -0.000583 -0.001484 0.000433 -1.814474  -0.001267
64 0.000000 0.002195 0.000862 0.002195 -0.002131 -1.813384  0.001612
65 0.058926 -0.001484 -0.000583 -0.001484 0.000433 -1.814474  -0.001267
66 0.117851 0.001489 0.000585 0.001489 0.001277 -1.811929  0.001276
67 0.176777 -0.002208 -0.000868 -0.002208 0.003403 -1.808268  -0.001541
68 0.235702 0.000829 0.000325 0.000829 0.006317 -1.804808  0.000744
69 0.294628 -0.000180 -0.000071 -0.000180 0.008986 -1.802096  -0.000070
70 0.353553 -0.001193 -0.000468 -0.001193 0.021409 -1.801926  -0.000923
71 0.412479 0.002259 0.000887 0.002259 -0.008472 -1.799875  0.001310
72 0.471405 0.001231 0.000484 0.001231 0.005413 -1.800806  0.000599
73 0.530330 -0.001203 -0.000473 -0.001203 0.026016 -1.801029  -0.000893
74 0.589256 0.000513 0.000202 0.000513 -0.025884 -1.803085  0.000337
75 0.648181 0.000886 0.000348 0.000886 -0.025070 -1.801266  0.000530
76 0.707107 -0.000518 -0.000203 -0.000518 0.074740 -1.795708  -0.000206
77 0.766032 -0.001574 -0.000619 -0.001574 0.112576 -1.802044  -0.000705
78 0.824958 -0.001240 -0.000487 -0.001240 0.071039 -1.796803  -0.000393
79 0.883883 -0.001209 -0.000475 -0.001209 0.083276 -1.828086  -0.000519
80 0.942809 -0.000182 -0.000071 -0.000182 0.162884 -1.857842  0.000151
81 1.001735 -0.000856 -0.000336 -0.000856 -1.648532 0.476119  -0.000394
82 1.060660 -0.000531 -0.000209 -0.000531 -1.118712 0.677665  -0.000136
83 1.119586 -0.000499 -0.000196 -0.000499 -0.750081 0.687528  -0.000267
84 1.178511 0.000496 0.000195 0.000496 -0.464138 0.616405  0.000529
85 1.237437 -0.001537 -0.000604 -0.001537 -0.409256 0.539006  -0.000994
86 1.296362 0.000500 0.000196 0.000500 -0.383521 0.464392  0.000448
87 1.355288 0.000194 0.000076 0.000194 -0.230546 0.401862  0.000046
88 1.414214 0.000176 0.000069 0.000176 -0.194611 0.349093  0.000087
89 1.473139 0.000003 0.000001 0.000003 -0.194614 0.304463  -0.000016
90 1.532065 -0.000000 -0.000000 -0.000000 -0.161149 0.266938  0.000001
91 1.590990 0.000001 0.000000 0.000001 -0.138697 0.235235  0.000001
92 1.649916 0.000001 0.000000 0.000001 -0.120466 0.208304  0.000002
93 1.708841 0.000001 0.000000 0.000001 -0.105377 0.185305  0.000002
94 1.767767 0.000001 0.000000 0.000001 -0.092724 0.165562  0.000001
95 1.826693 0.000000 0.000000 0.000000 -0.082002 0.148528  0.000001
96 1.885618 0.000000 0.000000 0.000000 -0.072833 0.133761  0.000001
97 1.944544 0.000000 0.000000 0.000000 -0.064927 0.120903  0.000001
98 2.003469 0.000000 0.000000 0.000000 -0.058060 0.109662  0.000001
99 2.062395 0.000000 0.000000 0.000000 -0.052054 0.099797  0.000001
100 2.121320 0.000000 0.000000 0.000000 -0.046767 0.091111  0.000001
101 2.180246 0.000000 0.000000 0.000000 -0.042087 0.083438  0.000001
102 2.239171 0.000000 0.000000 0.000000 -0.037922 0.076642  0.000001
103 2.298097 0.000000 0.000000 0.000000 -0.034197 0.070608  0.000001
104 2.357023 0.000000 0.000000 0.000000 -0.030851 0.065238  0.000001
105 2.415948 0.000000 0.000000 0.000000 -0.027833 0.060450  0.000001
106 2.474874 0.000000 0.000000 0.000000 -0.025102 0.056174  0.000001
107 2.533799 0.000000 0.000000 0.000000 -0.022622 0.052351  0.000001
108 2.592725 0.000000 0.000000 0.000000 -0.020365 0.048928  0.000001
109 2.651650 0.000000 0.000000 0.000000 -0.018306 0.045862  0.000000
110 2.710576 0.000000 0.000000 0.000000 -0.016426 0.043115  0.000000
111 2.769502 0.000000 0.000000 0.000000 -0.014706 0.040654  0.000000
112 2.828427 0.000000 0.000000 0.000000 -0.013133 0.038448  0.000000
113 2.887353 0.000000 0.000000 0.000000 -0.011694 0.036474  0.000000
114 2.946278 0.000000 0.000000 0.000000 -0.010380 0.034710  0.000000
115 3.005204 0.000000 0.000000 0.000000 -0.009182 0.033135  0.000000
116 3.064129 0.000000 0.000000 0.000000 -0.008093 0.031734  0.000000
117 3.123055 0.000000 0.000000 0.000000 -0.007107 0.030492  0.000000
118 3.181981 0.000000 0.000000 0.000000 -0.006219 0.029395  0.000000
119 3.240906 0.000000 0.000000 0.000000 -0.005426 0.028434  0.000000
120 3.299832 0.000000 0.000000 0.000000 -0.004723 0.027597  0.000000
121 3.358757 0.000000 0.000000 0.000000 -0.004108 0.026877  0.000000
122 3.417683 0.000000 0.000000 0.000000 -0.003579 0.026267  0.000000
123 3.476608 0.000000 0.000000 0.000000 -0.003134 0.025760  0.000000
124 3.535534 0.000000 0.000000 0.000000 -0.002771 0.025352  0.000000
125 3.594459 0.000000 0.000000 0.000000 -0.002491 0.025039  0.000000
126 3.653385 0.000000 0.000000 0.000000 -0.002291 0.024817  0.000000
127 3.712311 0.000000 0.000000 0.000000 -0.002171 0.024685  0.000000
